          12
    5.164006742194    -0.000000000000     4.274356073641
    2.002360233192     0.000000000000     4.680935536386
    2.582003087331     4.274355641001     0.000000524033  Li
    3.583183203925     2.137178469471     2.340468292224  Li
    1.001187224964     4.274350755107     2.340464842702  Al
    2.002367341563     2.137183355359     4.680932610903  Al
    2.038211378698     1.181239382417     3.185926807767  H 
    5.128155262988     3.093116321322     1.495008591842  H 
    6.129335379584     3.318417789140     3.835476360035  H 
    1.037031262103     0.955938654404     0.845459039574  H 
    4.786754878391     0.751235670157     2.929278790539  H 
    2.379605683572     3.523124608168     1.751659284131  H 
    3.380785800168     2.888409502294     4.092127052324  H 
    3.785574761795     1.385942366663     0.588811022346  H 
