  40    
   12.7851347910674       6.968299267488364E-008   12.7851347910674     
  6.968299267488363E-008  6.968299267488363E-008   12.7851347910674     
     2.882422914333132E-04     2.882422914333132E-04     2.882422914333131E-04  Cs     
     1.728770991312670E-04     1.728770991312670E-04     6.392941598095862E+00  Cs     
     1.728770991312670E-04     6.392941598095860E+00     1.728770991312670E-04  Cs     
     5.500785002224742E-05     6.393040769719479E+00     6.393040769719478E+00  Cs     
     6.392941598095859E+00     1.728770991312670E-04     1.728770991312670E-04  Cs     
     6.393040769719479E+00     5.500785002224742E-05     6.393040769719478E+00  Cs     
     6.393040769719479E+00     6.393040769719479E+00     5.500785002224742E-05  Cs     
     6.393144948456494E+00     6.393144948456494E+00     6.393144948456494E+00  Cs     
     3.196949633559972E+00     3.196949633559972E+00     3.196949633559971E+00  Pb     
     3.196516621110188E+00     3.196516621110189E+00     9.589339794164049E+00  Pb     
     3.196516621110189E+00     9.589339794164049E+00     3.196516621110189E+00  Pb     
     3.197696273490748E+00     9.588905402403899E+00     9.588905402403899E+00  Pb     
     9.589339794164049E+00     3.196516621110189E+00     3.196516621110189E+00  Pb     
     9.588905402403897E+00     3.197696273490747E+00     9.588905402403899E+00  Pb     
     9.588905402403897E+00     9.588905402403897E+00     3.197696273490749E+00  Pb     
     9.589968328736928E+00     9.589968328736926E+00     9.589968328736928E+00  Pb     
     5.523108298860895E-04     3.196878748592664E+00     3.196878748592665E+00   I     
     2.650001710798075E-04     3.196850384660709E+00     9.589500530587566E+00   I     
     2.650001710798073E-04     9.589500530587566E+00     3.196850384660710E+00   I     
     9.923626869592921E-04     9.589512707251329E+00     9.589512707251327E+00   I     
     6.393189090655142E+00     3.196797102550311E+00     3.196797102550311E+00   I     
     6.392840862697269E+00     3.196773887407510E+00     9.589568613809039E+00   I     
     6.392840862697269E+00     9.589568613809039E+00     3.196773887407510E+00   I     
     6.393641081177513E+00     9.589561515966929E+00     9.589561515966931E+00   I     
     3.196878748592665E+00     5.523108298860895E-04     3.196878748592665E+00   I     
     3.196850384660709E+00     2.650001710798073E-04     9.589500530587566E+00   I     
     3.196797102550311E+00     6.393189090655141E+00     3.196797102550311E+00   I     
     3.196773887407510E+00     6.392840862697269E+00     9.589568613809039E+00   I     
     9.589500530587566E+00     2.650001710798074E-04     3.196850384660710E+00   I     
     9.589512707251329E+00     9.923626869592921E-04     9.589512707251327E+00   I     
     9.589568613809041E+00     6.392840862697269E+00     3.196773887407510E+00   I     
     9.589561515966928E+00     6.393641081177512E+00     9.589561515966931E+00   I     
     3.196878748592663E+00     3.196878748592664E+00     5.523108298860895E-04   I     
     3.196797102550311E+00     3.196797102550311E+00     6.393189090655142E+00   I     
     3.196850384660709E+00     9.589500530587564E+00     2.650001710798074E-04   I     
     3.196773887407510E+00     9.589568613809039E+00     6.392840862697269E+00   I     
     9.589500530587566E+00     3.196850384660709E+00     2.650001710798074E-04   I     
     9.589568613809039E+00     3.196773887407510E+00     6.392840862697269E+00   I     
     9.589512707251329E+00     9.589512707251329E+00     9.923626869592921E-04   I     
     9.589561515966929E+00     9.589561515966929E+00     6.393641081177512E+00   I     
  40    
   10.9630319217122        2.84142185316196        11.8090624200315     
 -0.441629726573402        1.54744805305000        16.4791455486446     
     8.816099607748916E+00     3.803595259090160E+00     6.914925362280135E+00  Cs     
     7.226174519544934E+00     1.156318735654369E+01     1.550577543629287E+01  Cs     
     4.727222838461133E+00     7.674785504940632E+00     1.273298540549061E+01  Cs     
     4.240613516330490E+00     1.930090982959810E+00     4.032521470471401E+00  Cs     
     4.146925604662172E-01     7.120888181865694E+00     1.026972944723308E+00  Cs     
     6.764813207852161E+00     1.784942532806388E+00     1.152226947896881E+01  Cs     
     4.637426711699137E+00     1.241860015691778E+01     8.902161775801851E+00  Cs     
     1.032521768411966E+01     7.404872555533125E+00     1.140234700009176E+01  Cs     
     1.823369570079876E+00     3.623365867485328E+00     1.396788881900016E+01  Pb     
     5.279820994050390E+00     7.456750290017256E+00     2.703359598463408E+00  Pb     
     9.393195686591904E+00     1.092508407749465E+01     7.486351179330993E+00  Pb     
     1.032837997382818E+01     4.199758792713346E-01     2.895442907375692E+00  Pb     
     1.317321713860251E+01     1.229380848434069E+01     1.506400509346600E+01  Pb     
     3.831187136888827E+00     5.012557674230924E+00     8.289678680046352E+00  Pb     
     7.516459214651619E+00     4.848163028990836E+00     1.630010505409215E+01  Pb     
     6.616311771908855E+00     8.028346540583435E+00     8.003241933476684E+00  Pb     
     1.903155677878162E+00     4.240108131339903E+00     1.078665271060978E+01   I     
     1.115343636902416E+01     1.155106111712953E+01     7.565249343907138E-01   I     
     3.779376091036352E+00     9.674581376174213E+00     1.625767318473483E+01   I     
     9.899392989401425E+00     3.675784663404360E+00     2.301739298775660E+00   I     
     5.687017355097181E+00     5.886332540945612E+00     5.707814127468067E+00   I     
     1.535842470079761E+00     6.569722561010940E+00     1.455575413587529E+01   I     
     6.369505551899694E+00     1.048034393974906E+01     6.007942292701702E+00   I     
     4.441621742713342E+00     1.207544734719418E+01     1.283147665934629E+01   I     
     5.016648900625130E+00     3.590667340523005E+00     1.439008599225058E+01   I     
     2.683183299023308E+00     9.214426524641905E+00     3.714565408239610E+00   I     
     5.550505539399923E+00     4.473367918810466E+00     1.508907904225687E+00   I     
     9.788681557754300E+00     7.730222119290109E+00     7.353578614166414E+00   I     
     1.070453093241283E+01     1.240606097641884E+01     4.860307805924123E+00   I     
     3.470948635369208E+00     8.146914300531950E+00     8.942618999272439E+00   I     
     1.663710985511005E+00     3.833490611734892E+00     6.342181808425024E+00   I     
     1.082665142210159E+01     1.064952446986917E+01     1.380122628365382E+01   I     
     7.668272865824645E+00     1.017108785348686E+01     1.025802721926171E+01   I     
     8.039025223406421E+00     8.654020666867920E+00     2.523835856518875E+00   I     
     1.188635832604584E+01     1.184368829612881E+01     9.100895026628251E+00   I     
     1.906320606262891E+00     7.105789694960341E-01     5.990311671932577E-01   I     
     5.314619669962463E+00     2.124887963769974E+00     7.949520447657733E+00   I     
     6.829552307136421E+00     5.511830971348425E+00     1.009749037688808E+01   I     
     9.504053767429451E+00     3.411125894191537E+00     1.381901941391985E+01   I     
     8.000527982318815E+00     7.516228249080269E+00     1.487218336499356E+01   I     
